CCTX	768	1	0
	0.08313723
	0.08313723
	0.08124617
	0.07754160
	0.07217488
	0.06536371
	0.05738160
	0.04854467
	0.03919643
	0.02969155
	0.02037924
	0.01158726
	0.00360730
	-0.00331749
	-0.00900230
	-0.01332719
	-0.01624027
	-0.01776589
	-0.01798300
	-0.01701806
	-0.01505349
	-0.01230733
	-0.00902022
	-0.00544177
	-0.00181696
	0.00162652
	0.00468950
	0.00721036
	0.00907170
	0.01020417
	0.01058737
	0.01024803
	0.00925556
	0.00771536
	0.00576039
	0.00354152
	0.00121740
	-0.00105574
	-0.00313356
	-0.00489192
	-0.00623359
	-0.00709294
	-0.00743850
	-0.00727331
	-0.00663305
	-0.00558231
	-0.00420912
	-0.00261832
	-0.00092413
	0.00075758
	0.00231676
	0.00365601
	0.00469636
	0.00538153
	0.00568073
	0.00558959
	0.00512943
	0.00434492
	0.00330024
	0.00207425
	0.00075474
	-0.00056752
	-0.00180490
	-0.00287845
	-0.00372275
	-0.00428978
	-0.00455140
	-0.00450054
	-0.00415099
	-0.00353576
	-0.00270433
	-0.00171882
	-0.00064957
	0.00042979
	0.00144727
	0.00233719
	0.00304433
	0.00352721
	0.00376046
	0.00373594
	0.00346283
	0.00296649
	0.00228630
	0.00147269
	0.00058349
	-0.00032010
	-0.00117764
	-0.00193341
	-0.00253997
	-0.00296106
	-0.00317364
	-0.00316915
	-0.00295359
	-0.00254680
	-0.00198073
	-0.00129709
	-0.00054424
	0.00022608
	0.00096230
	0.00161642
	0.00214707
	0.00252208
	0.00272038
	0.00273309
	0.00256383
	0.00222817
	0.00175227
	0.00117098
	0.00052526
	-0.00014066
	-0.00078221
	-0.00135751
	-0.00182999
	-0.00217071
	-0.00236011
	-0.00238902
	-0.00225908
	-0.00198234
	-0.00158028
	-0.00108214
	-0.00052284
	0.00005942
	0.00062576
	0.00113919
	0.00156698
	0.00188274
	0.00206797
	0.00211314
	0.00201810
	0.00179191
	0.00145205
	0.00102307
	0.00053488
	0.00002066
	-0.00048535
	-0.00095014
	-0.00134402
	-0.00164254
	-0.00182790
	-0.00189007
	-0.00182721
	-0.00164569
	-0.00135948
	-0.00098911
	-0.00056022
	-0.00010180
	0.00035577
	0.00078268
	0.00115166
	0.00143963
	0.00162919
	0.00170959
	0.00167735
	0.00153631
	0.00129731
	0.00097733
	0.00059834
	0.00018575
	-0.00023322
	-0.00063138
	-0.00098326
	-0.00126674
	-0.00146444
	-0.00156472
	-0.00156238
	-0.00145888
	-0.00126215
	-0.00098600
	-0.00064917
	-0.00027405
	0.00011479
	0.00049220
	0.00083403
	0.00111868
	0.00132846
	0.00145063
	0.00147818
	0.00141021
	0.00125193
	0.00101425
	0.00071306
	0.00036813
	0.00000191
	-0.00036203
	-0.00070040
	-0.00099171
	-0.00121761
	-0.00136403
	-0.00142204
	-0.00138835
	-0.00126556
	-0.00106189
	-0.00079066
	-0.00046946
	-0.00011896
	0.00023834
	0.00057961
	0.00088305
	0.00112933
	0.00130276
	0.00139233
	0.00139233
	0.00130276
	0.00112933
	0.00088305
	0.00057961
	0.00023834
	-0.00011896
	-0.00046946
	-0.00079066
	-0.00106189
	-0.00126556
	-0.00138835
	-0.00142204
	-0.00136403
	-0.00121761
	-0.00099171
	-0.00070040
	-0.00036203
	0.00000191
	0.00036813
	0.00071306
	0.00101425
	0.00125193
	0.00141021
	0.00147818
	0.00145063
	0.00132846
	0.00111868
	0.00083403
	0.00049220
	0.00011479
	-0.00027405
	-0.00064917
	-0.00098600
	-0.00126215
	-0.00145888
	-0.00156238
	-0.00156472
	-0.00146444
	-0.00126674
	-0.00098326
	-0.00063138
	-0.00023322
	0.00018575
	0.00059834
	0.00097733
	0.00129731
	0.00153631
	0.00167735
	0.00170959
	0.00162919
	0.00143963
	0.00115166
	0.00078268
	0.00035577
	-0.00010180
	-0.00056022
	-0.00098911
	-0.00135948
	-0.00164569
	-0.00182721
	-0.00189007
	-0.00182790
	-0.00164254
	-0.00134402
	-0.00095014
	-0.00048535
	0.00002066
	0.00053488
	0.00102307
	0.00145205
	0.00179191
	0.00201810
	0.00211314
	0.00206797
	0.00188274
	0.00156698
	0.00113919
	0.00062576
	0.00005942
	-0.00052284
	-0.00108214
	-0.00158028
	-0.00198234
	-0.00225908
	-0.00238902
	-0.00236011
	-0.00217071
	-0.00182999
	-0.00135751
	-0.00078221
	-0.00014066
	0.00052526
	0.00117098
	0.00175227
	0.00222817
	0.00256383
	0.00273309
	0.00272038
	0.00252208
	0.00214707
	0.00161642
	0.00096230
	0.00022608
	-0.00054424
	-0.00129709
	-0.00198073
	-0.00254680
	-0.00295359
	-0.00316915
	-0.00317364
	-0.00296106
	-0.00253997
	-0.00193341
	-0.00117764
	-0.00032010
	0.00058349
	0.00147269
	0.00228630
	0.00296649
	0.00346283
	0.00373594
	0.00376046
	0.00352721
	0.00304433
	0.00233719
	0.00144727
	0.00042979
	-0.00064957
	-0.00171882
	-0.00270433
	-0.00353576
	-0.00415099
	-0.00450054
	-0.00455140
	-0.00428978
	-0.00372275
	-0.00287845
	-0.00180490
	-0.00056752
	0.00075474
	0.00207425
	0.00330024
	0.00434492
	0.00512943
	0.00558959
	0.00568073
	0.00538153
	0.00469636
	0.00365601
	0.00231676
	0.00075758
	-0.00092413
	-0.00261832
	-0.00420912
	-0.00558231
	-0.00663305
	-0.00727331
	-0.00743850
	-0.00709294
	-0.00623359
	-0.00489192
	-0.00313356
	-0.00105574
	0.00121740
	0.00354152
	0.00576039
	0.00771536
	0.00925556
	0.01024803
	0.01058737
	0.01020417
	0.00907170
	0.00721036
	0.00468950
	0.00162652
	-0.00181696
	-0.00544177
	-0.00902022
	-0.01230733
	-0.01505349
	-0.01701806
	-0.01798300
	-0.01776589
	-0.01624027
	-0.01332719
	-0.00900230
	-0.00331749
	0.00360730
	0.01158726
	0.02037924
	0.02969155
	0.03919643
	0.04854467
	0.05738160
	0.06536371
	0.07217488
	0.07754160
	0.08124617
	0.08313723
	0.08313723
	0.08124617
	0.07754160
	0.07217488
	0.06536371
	0.05738160
	0.04854467
	0.03919643
	0.02969155
	0.02037924
	0.01158726
	0.00360730
	-0.00331749
	-0.00900230
	-0.01332719
	-0.01624027
	-0.01775722
	-0.01795750
	-0.01697738
	-0.01500028
	-0.01224511
	-0.00895317
	-0.00537439
	-0.00175385
	0.00168102
	0.00473156
	0.00723697
	0.00908084
	0.01019497
	0.01056019
	0.01020447
	0.00919833
	0.00764816
	0.00568763
	0.00346810
	0.00114833
	-0.00111563
	-0.00317997
	-0.00492140
	-0.00624375
	-0.00708266
	-0.00740803
	-0.00722429
	-0.00656841
	-0.00550613
	-0.00412636
	-0.00253452
	-0.00084504
	0.00082638
	0.00237025
	0.00369009
	0.00470814
	0.00536959
	0.00564522
	0.00553229
	0.00505369
	0.00425543
	0.00320280
	0.00197535
	0.00066121
	-0.00064906
	-0.00186842
	-0.00291899
	-0.00373680
	-0.00427552
	-0.00450893
	-0.00443192
	-0.00406013
	-0.00342827
	-0.00258712
	-0.00159973
	-0.00053680
	0.00052820
	0.00152401
	0.00238622
	0.00306133
	0.00350994
	0.00370897
	0.00365268
	0.00335254
	0.00283592
	0.00214385
	0.00132788
	0.00044631
	-0.00043985
	-0.00127106
	-0.00199312
	-0.00256068
	-0.00294001
	-0.00311091
	-0.00306770
	-0.00281918
	-0.00238767
	-0.00180713
	-0.00112061
	-0.00037706
	0.00037201
	0.00107612
	0.00168915
	0.00217229
	0.00249645
	0.00264400
	0.00260959
	0.00240025
	0.00203456
	0.00154113
	0.00095641
	0.00032206
	-0.00031797
	-0.00092047
	-0.00144582
	-0.00186059
	-0.00213962
	-0.00226749
	-0.00223933
	-0.00206089
	-0.00174789
	-0.00132470
	-0.00082252
	-0.00027712
	0.00027373
	0.00079278
	0.00124582
	0.00160392
	0.00184523
	0.00195630
	0.00193276
	0.00177942
	0.00150971
	0.00114458
	0.00071092
	0.00023959
	-0.00023674
	-0.00068584
	-0.00107806
	-0.00138831
	-0.00159759
	-0.00169416
	-0.00167415
	-0.00154166
	-0.00130826
	-0.00099204
	-0.00061629
	-0.00020773
	0.00020529
	0.00059483
	0.00093514
	0.00120441
	0.00138612
	0.00147007
	0.00145285
	0.00133799
	0.00113551
	0.00086111
	0.00053498
	0.00018034
	-0.00017823
	-0.00051642
	-0.00081188
	-0.00104568
	-0.00120345
	-0.00127633
	-0.00126137
	-0.00116163
	-0.00098581
	-0.00074756
	-0.00046442
	-0.00015654
	0.00015470
	0.00044822
	0.00070462
	0.00090745
	0.00104428
	0.00110741
	0.00109432
	0.00100768
	0.00085506
	0.00064833
	0.00040272
	0.00013573
	-0.00013411
	-0.00038850
	-0.00061064
	-0.00078629
	-0.00090470
	-0.00095922
	-0.00094771
	-0.00087250
	-0.00074021
	-0.00056113
	-0.00034848
	-0.00011742
	0.00011600
	0.00033596
	0.00052793
	0.00067962
	0.00078177
	0.00082868
	0.00081852
	0.00075337
	0.00063897
	0.00048425
	0.00030065
	0.00010127
	-0.00010002
	-0.00028959
	-0.00045492
	-0.00058546
	-0.00067324
	-0.00071340
	-0.00070443
	-0.00064814
	-0.00054953
	-0.00041633
	-0.00025839
	-0.00008701
	0.00008590
	0.00024861
	0.00039041
	0.00050224
	0.00057733
	0.00061154
	0.00060360
	0.00055515
	0.00047050
	0.00035631
	0.00022105
	0.00007440
	-0.00007342
	-0.00021242
	-0.00033343
	-0.00042875
	-0.00049263
	-0.00052159
	-0.00051459
	-0.00047307
	-0.00040075
	-0.00030335
	-0.00018810
	-0.00006328
	0.00006242
	0.00018050
	0.00028319
	0.00036398
	0.00041800
	0.00044235
	0.00043620
	0.00040080
	0.00033936
	0.00025674
	0.00015912
	0.00005351
	-0.00005275
	-0.00015245
	-0.00023906
	-0.00030709
	-0.00035248
	-0.00037282
	-0.00036743
	-0.00033743
	-0.00028555
	-0.00021592
	-0.00013375
	-0.00004495
	0.00004429
	0.00012793
	0.00020049
	0.00025740
	0.00029529
	0.00031215
	0.00030747
	0.00028221
	0.00023868
	0.00018038
	0.00011167
	0.00003751
	-0.00003694
	-0.00010663
	-0.00016702
	-0.00021432
	-0.00024572
	-0.00025961
	-0.00025558
	-0.00023445
	-0.00019819
	-0.00014969
	-0.00009262
	-0.00003110
	0.00003060
	0.00008831
	0.00013825
	0.00017731
	0.00020320
	0.00021458
	0.00021115
	0.00019360
	0.00016358
	0.00012350
	0.00007638
	0.00002563
	-0.00002522
	-0.00007274
	-0.00011383
	-0.00014593
	-0.00016718
	-0.00017648
	-0.00017360
	-0.00015913
	-0.00013442
	-0.00010145
	-0.00006273
	-0.00002105
	0.00002070
	0.00005970
	0.00009342
	0.00011976
	0.00013718
	0.00014481
	0.00014244
	0.00013057
	0.00011030
	0.00008326
	0.00005149
	0.00001728
	-0.00001700
	-0.00004903
	-0.00007674
	-0.00009841
	-0.00011277
	-0.00011909
	-0.00011720
	-0.00010749
	-0.00009085
	-0.00006863
	-0.00004247
	-0.00001426
	0.00001404
	0.00004054
	0.00006352
	0.00008154
	0.00009354
	0.00009889
	0.00009745
	0.00008949
	0.00007574
	0.00005730
	0.00003551
	0.00001195
	-0.00001178
	-0.00003408
	-0.00005349
	-0.00006880
	-0.00007909
	-0.00008380
	-0.00008276
	-0.00007618
	-0.00006464
	-0.00004902
	-0.00003046
	-0.00001028
	0.00001016
	0.00002948
	0.00004642
	0.00005989
	0.00006907
	0.00007342
	0.00007276
